1.875538444185538538e+03
-3.236983462128953306e+02
1.432747165714285700e+02
6.433669474285713932e+02
3.929342125714285885e+02
9.348135599999999386e+02
6.628590102857142483e+02
1.264889897142857308e+03
9.656464594285713474e+02
1.637767530199825842e+03
1.316439154285714267e+03
2.046780241217082448e+03
1.700416683428571559e+03
2.076565169142857485e+03
1.375044216000000233e+03
1.729799760000000106e+03
1.038137602285714365e+03
1.380746852571428235e+03
7.243314994285713055e+02
1.035173520000000053e+03
4.155836674285714594e+02
7.183711165714286153e+02
1.368632777142857151e+02
2.093900129053074579e+03
