4.209882548163755587e+02
-2.411186602551384510e+02
-1.499304220000000214e+02
-8.628926099999999622e+01
-1.244351322857142890e+02
-2.458936571428571227e+01
-8.939528614285714525e+01
3.720759285714285625e+01
-2.996020085714285841e+01
1.664558681988419551e+02
4.571680757142857487e+01
4.008281937814762159e+02
2.048682417142857446e+02
4.353239680683567485e+02
5.584374371428571493e+01
2.163864182857142850e+02
-4.390495957142857009e+01
5.251123757142856618e+01
-1.134669810000000041e+02
-3.643108657142857254e+01
-1.589780661419144394e+02
-9.175715942857142693e+01
-1.940942170000000431e+02
3.597342669782727285e+02
