1.615758635965155179e+02
-1.214697619501424015e+03
-6.928551497455692925e+02
-3.054300099881492656e+02
-4.996537587331488908e+02
-1.597134388492609958e+02
-3.162119323100375254e+02
-7.530008885716900302e+00
-1.549560335400523741e+02
9.985707060330925344e+01
-1.307266651820328640e+01
1.933148446760109209e+02
8.774684808522719948e+01
1.594814324810198514e+02
-1.477957051312032277e+01
8.144953237582454619e+01
-1.359735784330250397e+02
-1.909845829114789240e+01
-2.792553574656462843e+02
-1.387028401605212196e+02
-4.844981339418355333e+02
-3.100688625927072621e+02
-7.320642259783238615e+02
1.844641841556905604e+02
