3.486044217296456509e+02
-1.484512490928892419e+02
-9.740654669387755860e+01
-5.071232387755102167e+01
-7.533939489795918121e+01
-2.514553567346938934e+01
-5.696630375510203947e+01
1.610480828571428447e+01
-2.459466697959183534e+01
1.036605265714285764e+02
1.733616183673469635e+01
2.783298054552673761e+02
1.238806480408163395e+02
3.076657883831040294e+02
1.798424265306122294e+01
1.257600824081632567e+02
-3.865802069387755324e+01
1.555393959183673580e+01
-7.187216253061225757e+01
-3.185317212244898144e+01
-8.817139506122447301e+01
-6.085478865306122032e+01
-1.046650518367346905e+02
2.704064679177315043e+02
