2.914546800472070913e+02
-1.121743274188054897e+02
-8.616234453061225906e+01
-4.967539457142857628e+01
-6.853454632653061651e+01
-1.872953559183673633e+01
-5.100396024489795366e+01
1.963684873469387782e+01
-2.469187910204081504e+01
9.753616285714286960e+01
1.947482853061224617e+01
2.203798815918367211e+02
1.095904660408163238e+02
2.551170133469388190e+02
2.229398008163265743e+01
1.098172943265305861e+02
-2.770545489795918570e+01
1.970165681632653332e+01
-5.929939469387755224e+01
-2.653890942857143642e+01
-7.676517269387754538e+01
-5.333705118367346643e+01
-8.052404142857143654e+01
2.264332876191556352e+02
