3.858023847812260101e+03
-3.465699628457313338e+03
-2.257683884130372462e+03
-8.597549364480606755e+02
-1.637471028741030523e+03
3.300925333733981670e+00
-9.153235837391707719e+02
1.034142534857143119e+03
-3.772761257142857261e+01
2.346033060173305330e+03
1.050734952000000021e+03
3.810727712030013663e+03
2.398844681142857098e+03
3.848764193142857494e+03
1.053699694599669783e+03
2.405674957714285938e+03
-1.662421233437195269e+02
1.032273874285714328e+03
-1.171142853500230331e+03
-1.353168000000000006e+02
-1.917792712604556527e+03
-1.063961386831367918e+03
-2.522605569920655398e+03
3.762447288987483262e+03
