1.873966517646056218e+02
-9.034173573909659183e+01
-7.486794512731323437e+01
-5.303640082787397603e+01
-6.471575437636531092e+01
-3.477800955140146755e+01
-5.333596949016337874e+01
-9.254759524344791100e-01
-3.623251101383637263e+01
5.859690510407123298e+01
-2.188763375110194698e+00
1.688165019020634929e+02
6.392030397096708327e+01
1.771381369123834588e+02
-2.242303306242767746e+00
6.533656262545014215e+01
-3.706237994639126043e+01
-4.326536339617938154e+00
-5.920114146971027225e+01
-3.807326483658484051e+01
-6.670947943092112098e+01
-5.607287977924992362e+01
-7.380224554572201612e+01
1.473083218017094680e+02
