1.448165087469571972e+02
-1.298517503023997506e+02
-1.132344048248621533e+02
-8.423233403445330225e+01
-1.022485208605641844e+02
-6.455258506243747263e+01
-8.939256358742130715e+01
-2.557296567739406967e+01
-6.282018586221920486e+01
3.763474730540376356e+01
-2.613768447481620782e+01
1.473571876000221437e+02
4.863847791341261484e+01
1.602003972705144008e+02
-2.472270058059819675e+01
4.753198600333944057e+01
-6.555072234998044678e+01
-2.280291162141593375e+01
-9.531509977889594154e+01
-6.933421081668227259e+01
-1.124440534605242021e+02
-9.175596911884488804e+01
-1.204049313158317887e+02
1.738211843526663642e+02
