3.789811255005268436e+02
-1.114057060660943961e+02
-7.524218277551021572e+01
-4.222246518367347079e+01
-5.784121285714285676e+01
-2.128945481632652914e+01
-4.964299053061224498e+01
2.141907097959183304e+01
-2.741381853061224660e+01
1.128632741632653165e+02
2.099781844897959004e+01
2.800477394145202084e+02
1.500955170612244842e+02
3.089401251428571413e+02
2.887200036734694208e+01
1.481836786530612358e+02
-5.093915216326531237e+01
2.401139424489795715e+01
1.997676227989559905e+01
-3.940331363265306663e+01
-7.989289891238233565e+01
-5.554052595918367530e+01
-9.086093044897958748e+01
2.734799910105396066e+02
