3.334444549435482372e+02
-1.835492451560190261e+02
-1.113809400000000096e+02
-5.085271199999999681e+01
-7.393251428571429074e+01
-1.549368342857142977e+01
-5.371357885714284919e+01
3.497329371428571676e+01
-1.382216571428571328e+01
1.192563600000000150e+02
4.963121828571429006e+01
2.785648560000000202e+02
1.722306137142857096e+02
3.304783388571428873e+02
7.560403199999998947e+01
1.684696988571428733e+02
9.321925714285715259e+00
6.062466171428571471e+01
-5.323141028571428990e+01
-7.714697142857143142e+00
-1.081343382857142785e+02
-6.252119142857142720e+01
-1.313748634285714161e+02
4.684738345997998863e+02
