4.187714946752765854e+02
-1.474469731575920832e+03
-9.626670831676420903e+02
-4.597040467863939739e+02
-7.123615313215368587e+02
-2.172892609810181739e+02
-4.586842385743449313e+02
1.179790625314202046e+01
-2.175187178287291658e+02
2.198260339084901034e+02
7.903513643379851850e+00
4.122765911247894337e+02
2.155173442125829979e+02
4.075281091374362745e+02
6.157092080245916144e+00
2.144784145965580819e+02
-2.141342293249915087e+02
6.233577696149594338e+00
-4.550830408255468456e+02
-2.174358584115002486e+02
-7.071286404334604185e+02
-4.575242067331391809e+02
-9.676004053934289004e+02
4.221687307816649195e+02
