3.993136754530206645e+02
-1.804004834024425747e+02
-1.172702237142857342e+02
-6.701155640816327264e+01
-9.879992044897959147e+01
-2.472428314285714634e+01
-6.782165742857142732e+01
3.110787918367347160e+01
-3.233923273469387993e+01
1.348332138367347000e+02
3.370020244897959572e+01
3.494765918051666631e+02
1.579372949387755227e+02
4.310040035758248109e+02
3.557963681632652708e+01
1.571920020000000022e+02
-4.300016216326530838e+01
3.130230342857142745e+01
-9.442537493877551924e+01
-3.904686918367346493e+01
-1.172702237142857058e+02
-7.913066767346938946e+01
-1.376523653877551112e+02
2.730205683320008916e+02
