1.657962299208150398e+03
-3.941793024249646464e+02
-1.424048228571428609e+01
4.942607211428571077e+02
2.355801051428571498e+02
7.735288217142858684e+02
4.977080777142857073e+02
1.076799545142857141e+03
7.792636765714285048e+02
1.382325548571428726e+03
1.086465030857142892e+03
1.696182588053657355e+03
1.405232749714285546e+03
1.711983048000000053e+03
1.103959560000000010e+03
1.423178334857143000e+03
7.962104948571427485e+02
1.109404450285714347e+03
5.080179291428571560e+02
7.997867245714286355e+02
2.297163771428571692e+02
5.117230320000000461e+02
-4.091722285714285334e+01
1.782314281633189921e+03
