7.970567391211079666e+01
-4.447848596528245935e+02
-2.374177255663355197e+02
-8.795208448790207001e+01
-1.591601928942244228e+02
-1.265836943205837528e+01
-6.276282165029144977e+01
3.177977340797737682e+01
1.363993483615554947e+00
5.801433966293823374e+01
3.173515679870022765e+01
7.657484912223027607e+01
5.751080935823904383e+01
7.636451367849517169e+01
3.590362286545057202e+01
5.608945166269572269e+01
1.014709170988768250e+01
3.717838313051183263e+01
-3.079183420255489523e+01
3.830654596509106113e+00
-9.226714798513445714e+01
-4.974114554269061728e+01
-1.683894572132679741e+02
7.693815579777273683e+01
