9.560955015286702974e+01
-5.241049353772890385e+01
-4.331380428625170254e+01
-3.187283090732683988e+01
-3.756845977162057437e+01
-1.847127624073775110e+01
-2.924427524077051288e+01
-5.608945166269571736e+00
-2.100932392847473196e+01
2.699942241399762111e+01
-2.893705801689074875e+00
7.683999925736301861e+01
2.614533303640656925e+01
8.566006553132191925e+01
-2.813395904990214635e+00
2.957188862889125147e+01
-2.526702321377936400e+01
-6.818692657812714053e+00
-3.085174793501276724e+01
-2.216553148888529989e+01
-3.925751712282676209e+01
-3.140626865031442350e+01
-3.832311784853685310e+01
5.210072679331901213e+01
