5.085135756685300294e+03
-4.323077312191559940e+03
-2.900429133987148361e+03
-1.172893901573507719e+03
-2.169981453879187484e+03
-3.604706449326639728e+01
-1.266146410285714182e+03
1.370914921858414573e+03
-8.663497028571428871e+01
3.314228871843917659e+03
1.424499284571428461e+03
5.596112870326994198e+03
3.479241956681353713e+03
5.486870711999999912e+03
1.503359192754250216e+03
3.517302469714285962e+03
-2.875806061414182295e+02
1.506494821714285763e+03
-1.708147155788191867e+03
-2.098699131428571150e+02
-2.645405713098607521e+03
-1.498762433142857162e+03
-3.196737539084973832e+03
4.880168869774813174e+03
