6.608210823016645918e+03
-6.722043621892901683e+03
-4.190199785288439671e+03
-1.535540924027128540e+03
-2.982460335285837573e+03
-1.864092930953739113e+01
-1.670457030376941248e+03
1.747519817142857164e+03
-1.081563722304056512e+02
3.982476830714575954e+03
1.787954663427206469e+03
7.204634262055151339e+03
4.292982104490109123e+03
9.115497266221875179e+03
1.978570114125696364e+03
4.729559156819256714e+03
-5.618608311354981879e+02
1.956875824231095748e+03
-2.686644826490973628e+03
-3.962623726977578826e+02
-3.900903561618938511e+03
-2.119802108571428562e+03
-4.629751187794790894e+03
7.503747358471542611e+03
