2.259694155412957457e+02
1.120186201649877518e+02
6.673193392069840968e+01
1.777611470889309260e+02
1.136936461790602806e+02
1.324178293651769991e+02
5.902001184375014020e+01
nan
3.260376032649062239e+01
2.125169852611449528e+02
6.973988583705626354e+01
8.575805455031667179e+02
1.292281867249642460e+02
1.186074231267682308e+03
4.877438731117703696e+01
2.975472597238248440e+01
9.511106270224804859e+01
5.751835642687370864e+01
2.155117024860546735e+02
2.124601170936615446e+01
2.855649617606545689e+02
nan
2.764248361230790465e+02
4.868564228027134959e+02
