6.697071514276291282e+02
-5.330453488304693792e+02
-3.888484897959184536e+02
-1.950399216734693653e+02
-3.108519635510204466e+02
-6.697915236734694133e+01
-2.136722451428571503e+02
1.031096578775510295e+02
-7.913066767346940367e+01
3.188233575918367251e+02
1.010682033061224558e+02
6.517481065532341518e+02
3.437096609387754711e+02
6.787998470204081514e+02
9.876751640816327438e+01
3.440661053877551012e+02
-1.208994762857142860e+02
9.403652644897958623e+01
-2.941963914546093974e+02
-1.057991932653061156e+02
-4.054004318905073205e+02
-2.568020234693877910e+02
-4.534325219675972107e+02
5.987374917333318081e+02
