5.019743785623190888e+02
-2.568361637357087375e+02
-1.556690120816326726e+02
-3.324654587755102142e+01
-1.132197186122448898e+02
4.523604097959184145e+01
-4.244929346938775439e+01
1.271210521224489725e+02
3.927369746938775563e+01
2.312676393061224758e+02
1.221308298367347049e+02
4.689901192393393785e+02
2.552466295102041158e+02
4.727401575109132068e+02
1.233621833877551239e+02
2.538856597959184001e+02
2.174311138775509633e+01
1.175942641224489762e+02
-6.513212204081632706e+01
2.592323265306122693e+01
-1.340231128163265453e+02
-5.631822293877551289e+01
-1.826615780816326549e+02
3.766295938559688921e+02
