1.456742690093989552e+02
-2.744652674698170358e+02
-2.048310289105743891e+02
-1.468574815761181185e+02
-1.716120511633428691e+02
-1.140107338262844934e+02
-1.494235739896864743e+02
-6.908435780473026000e+01
-1.168585482584313695e+02
1.958031767134104983e+00
-7.153444703417801520e+01
9.832353400444054614e+01
-6.851836424704306872e+00
9.836560109318756417e+01
-7.496482690745789057e+01
-2.019857639989576370e+01
-1.145831011852969965e+02
-7.520193231675928303e+01
-1.316801858602986783e+02
-1.015486774750455368e+02
-1.413683638747642988e+02
-1.122834336671264595e+02
-1.447745233030080101e+02
3.259944425841177207e+01
