6.612605444750519155e+02
-2.880166861974959147e+02
-2.028816995510204322e+02
-1.151963651020408435e+02
-1.689222647755102003e+02
-2.767305085714285440e+01
-1.278987491020408385e+02
1.006793548163265370e+02
-3.308452567346938622e+01
3.459675575465169004e+02
1.098496983673469600e+02
7.048503896982770129e+02
3.602033177142856744e+02
6.597138669795917849e+02
1.153583853061224431e+02
3.538197216734693598e+02
-5.716072799999999177e+01
1.026560013061224481e+02
-1.562884452628324254e+02
-4.675903089795917822e+01
-2.036746421792847457e+02
-1.331157996734693825e+02
-2.232593691770124451e+02
5.473530985174887746e+02
