5.815061447142857105e+02
-3.364726342646422950e+02
-2.306223668571428504e+02
-1.310677901428571488e+02
-1.901793311428571371e+02
-3.526632714285714343e+01
-1.322325495714285637e+02
9.204834928571429487e+01
-4.807868085714286366e+01
2.728772505714285899e+02
8.276262828571428543e+01
5.325139940275048502e+02
2.804158324285714343e+02
5.335892359999999144e+02
8.250379285714286937e+01
2.732007948571428528e+02
-6.305878128571428221e+01
7.438283128571427483e+01
-1.630195209446379749e+02
-5.209063000000000443e+01
-2.207783406232898642e+02
-1.428771565714285714e+02
-2.492939694170754308e+02
5.111029081428571317e+02
