9.513048493591137458e+02
-7.707183261041952846e+02
-5.773204679461314299e+02
-3.446867851172692099e+02
-4.664938751496895293e+02
-1.484421182857142867e+02
-3.423422087142857322e+02
9.311604542857142519e+01
-1.649752312857142726e+02
4.470260144936528377e+02
9.722505785714285764e+01
9.738369917906702540e+02
4.940197698571428759e+02
1.007652743504402224e+03
1.020135132857142963e+02
4.997465037142857227e+02
-2.006945204285714226e+02
1.007516905714285542e+02
-4.232793735188822097e+02
-1.907293564285714353e+02
-5.562633216667949227e+02
-3.852765354285714352e+02
-6.378858932602199729e+02
9.092446100242015063e+02
