3.188126666012166766e+02
-1.090184485412843998e+02
-6.997873199999999372e+01
-3.137310171428571337e+01
-5.255637428571429126e+01
-1.896529714285714041e+00
-3.497329371428571676e+01
4.619174914285714095e+01
-1.542939428571428406e+00
1.297676348571428662e+02
5.371357885714286340e+01
3.415507669330308431e+02
1.667017474285714513e+02
3.191634497142857185e+02
6.718215428571429015e+01
1.685982771428571425e+02
5.786022857142858911e+00
6.316408285714286563e+01
-3.249816171428571465e+01
5.528866285714285844e+00
-5.885671028571429275e+01
-3.619478742857143061e+01
-7.422181542857143199e+01
2.790881052979642050e+02
