4.766697305756280230e+02
-1.996155861452361080e+02
-1.436471129387755070e+02
-7.478852620408163432e+01
-1.123772135510204038e+02
-3.719983885714285776e+01
-8.700484959183673084e+01
3.360299032653061602e+01
-4.254650559183674119e+01
1.396938199591836849e+02
4.112072779591836280e+01
6.990110606178736816e+02
1.700240021632653225e+02
3.635733379591836183e+02
4.883288951020409030e+01
1.724543052244898433e+02
-5.978545530612245074e+01
4.257890963265305828e+01
-1.147427085306122478e+02
-5.187886934693877095e+01
-1.444572139591836901e+02
-1.047622639591836702e+02
-1.701212142857143022e+02
2.730838646546805535e+02
