5.482959603439738885e+02
-3.319091921762492916e+02
-2.640206975378991388e+02
-1.917978799605880056e+02
-2.330083298094886288e+02
-1.307368632641533850e+02
-1.928457328984683841e+02
-1.762738494526719180e+01
-1.313245277463466039e+02
1.755115428141652671e+02
-1.672612943786887740e+01
5.763329343750009457e+02
2.087228719998064150e+02
5.643083246167913103e+02
-1.625604122846618438e+01
2.042433644283811418e+02
-1.502176409119772416e+02
-1.925015476269018322e+01
-2.171048537725583856e+02
-1.364643611350736307e+02
-2.600459099990552545e+02
-2.125777470413516710e+02
-2.814352651570642934e+02
5.175735031332884546e+02
