5.109503049952020319e+02
-2.588848086945379237e+02
-1.718020157142857158e+02
-9.835746285714286330e+01
-1.318766508571428631e+02
-4.413144057142857690e+01
-1.017223234285714284e+02
3.177204885714285254e+01
-5.011700985714285395e+01
2.983785706800175603e+02
3.400450442857142974e+01
5.190987209883202240e+02
2.112097097142856796e+02
4.963472166120061502e+02
4.128425085714285814e+01
2.099802414285714178e+02
-5.726733857142857431e+01
3.652814985714285712e+01
-1.226198874140370378e+02
-5.273771857142856589e+01
-1.648341504858520068e+02
-1.087108799999999889e+02
-1.990767990000000225e+02
4.336111669942509366e+02
