6.163351578059093754e+02
-3.370665391381944005e+02
-2.232314371836735063e+02
-1.304586683265306135e+02
-1.929012549795918687e+02
-5.612379869387754638e+01
-1.439063452653061574e+02
5.920218257142857965e+01
-6.626626346938775214e+01
2.586617854089161597e+02
6.568299073469387395e+01
5.022943346506148714e+02
2.867757612244898269e+02
5.716720880816326371e+02
6.986311200000000099e+01
2.941638825306122840e+02
-1.055075568979592049e+02
6.704396044897958973e+01
-2.057971256687753794e+02
-8.635676877551021846e+01
-2.596213414684958707e+02
-1.736856587755102055e+02
-2.840202001027911365e+02
4.674610453420533531e+02
