3.431017290574328626e+02
-2.746062011754323748e+02
-2.165945166365597743e+02
-1.582984549550429847e+02
-1.864120178407041521e+02
-1.143166762898991919e+02
-1.536710751928706031e+02
-5.054934355073945795e+01
-1.210117172020009662e+02
5.945736828298758780e+01
-5.093049686999277981e+01
2.699289813051065607e+02
6.593824947055907160e+01
2.751901469803659666e+02
-5.334871709281399177e+01
6.875037061528421134e+01
-1.263835569589691090e+02
-5.310013884112704829e+01
-1.578076722529943936e+02
-1.123688426048855717e+02
-1.801006797683858167e+02
-1.482826635524566257e+02
-1.869512414328250713e+02
1.780279753281950548e+02
