5.593093928324529998e+02
-1.415782559128255969e+02
-1.005173346122448947e+02
-6.642828367346939444e+01
-9.196266783673468126e+01
-4.134755608163265350e+01
-7.589026359183674231e+01
2.047935379591836735e+01
-4.880048546938775900e+01
1.267204039246812073e+02
2.909882865306122923e+01
4.303272392746616788e+02
1.742689315102041121e+02
4.959917732492341997e+02
3.224202061224490024e+01
1.816570528163265124e+02
-6.937705138775510250e+01
2.767305085714285440e+01
-1.148805428065715546e+02
-5.832727346938775526e+01
-1.408822466371504447e+02
-9.954521338775511197e+01
-1.363916508593230503e+02
3.507990305095788131e+02
