7.827667784912679963e+03
-8.380420558105461168e+03
-6.281819479380925259e+03
-3.103585164275654279e+03
-4.911297610619181796e+03
-1.127455499950302737e+03
-3.342468110959567639e+03
1.227418906141519756e+03
-1.372627844571428113e+03
4.175070990857142533e+03
1.176496169468744483e+03
7.582605761142857773e+03
4.398075069562335557e+03
7.764767948571428860e+03
1.078937643466286318e+03
4.407304348508428120e+03
-2.060717761760913163e+03
1.056145077266293129e+03
-4.491327812068734602e+03
-1.933741508571428767e+03
-6.916460485714285824e+03
-2.278558139613405274e+03
-6.490912404466928820e+03
6.585410040262115217e+03
