2.486645939155529845e+02
-1.336335842296155079e+02
-8.907870820408163581e+01
-4.701826322448979312e+01
-7.132129383673469647e+01
-1.406335371428571435e+01
-4.812000061224490111e+01
3.003854583673469492e+01
-1.989608106122448916e+01
1.067713144897959268e+02
3.208000040816326504e+01
2.914129945696849973e+02
1.194412944489795905e+02
2.581629931836734499e+02
3.279288930612244712e+01
1.156500216734693822e+02
-2.718699024489795946e+01
2.935806097959184413e+01
-6.558577861224489425e+01
-2.446505081632653500e+01
-8.742610212244896672e+01
-5.570254616326531760e+01
-1.032716780816326292e+02
2.047796815084548427e+02
