3.858023849532577060e+03
-3.465699628381689308e+03
-2.257683884091013169e+03
-8.597549364029569006e+02
-1.637471028721656921e+03
3.300925351757071802e+00
-9.153235836963002612e+02
1.034142534857143119e+03
-3.772761257142857261e+01
2.346033060173305330e+03
1.050734952000000021e+03
3.810727712030013663e+03
2.398844681142857098e+03
3.848764193142857494e+03
1.053699694557184785e+03
2.405674957714285938e+03
-1.662421233264684588e+02
1.032273874285714328e+03
-1.171142853638270708e+03
-1.353168000000000006e+02
-1.917792712445227380e+03
-1.063961386831367918e+03
-2.522605568469627542e+03
3.762447288520424536e+03
