6.163515049447405545e+02
-3.402544342224213665e+02
-2.638180105714285446e+02
-1.615780162857142841e+02
-2.202689497142856965e+02
-7.496521099999999649e+01
-1.706049018571428633e+02
5.594080699999999950e+01
-8.072429928571429514e+01
2.818837546158642340e+02
6.836490757142857433e+01
6.400609969728136548e+02
3.213118301428571044e+02
6.528290921265237330e+02
7.506227428571428106e+01
3.280091968571428538e+02
-1.105227279999999865e+02
7.050029985714286340e+01
-2.184189564495758873e+02
-9.486318457142856175e+01
-2.730440762111918502e+02
-1.900175590000000057e+02
-2.977263672040141955e+02
5.570884240956949043e+02
