8.113305223242232387e+02
-1.403866971613578301e+02
-9.331569085714285450e+01
-6.444986571428570699e+01
-8.884759542857142378e+01
-1.411146685714285809e+01
-5.901743314285714348e+01
8.476523485714285755e+01
-1.485079200000000021e+01
3.052367200670233842e+02
1.052091822857142773e+02
7.797902050905152009e+02
4.052466120000000274e+02
8.312114416798054890e+02
1.462578000000000031e+02
4.095218400000000543e+02
-2.147257371428571204e+01
1.246245034285714155e+02
-8.438706066166781739e+01
-1.510794857142857239e+01
-1.044377125714285910e+02
-6.669998571428571665e+01
-1.109309160000000105e+02
7.153402807357058464e+02
