3.577754738594713331e+02
-1.285409211600990318e+02
-8.408848591836735409e+01
-5.080953599999999426e+01
-7.375159689795918894e+01
-2.952008118367346512e+01
-5.576735424489795889e+01
1.629923253061224386e+01
-3.246884889795918383e+01
1.185987893877551045e+02
1.840549518367346948e+01
3.308993967305185038e+02
1.354164865714285781e+02
3.398449629030683923e+02
1.973406085714285751e+01
1.349952340408163423e+02
-4.034303081632653232e+01
1.526230322448979848e+01
-7.008994028571429169e+01
-3.554723277551020999e+01
-9.076371832653059357e+01
-5.706351587755101917e+01
-9.264315269387756757e+01
2.493118870518474921e+02
