3.187931872549523291e+02
-8.635283052735756826e+01
-6.727078873469386622e+01
-1.788703053061224679e+01
-4.951337436734694109e+01
-1.616961636734693997e+01
-2.446505081632652789e+01
9.137939510204082794e+00
-1.121179812244897889e+01
4.724509151020408382e+01
1.399854563265306062e+01
2.582430597121567644e+02
7.657074844897958599e+01
2.664584276326530698e+02
1.639644465306122356e+01
6.791886955102040702e+01
-1.746577800000000025e+01
1.380412138775510300e+01
-4.607854604081632033e+01
-1.811385881632653039e+01
-7.576064742857143131e+01
-2.893680844897959403e+01
-4.631033553458222229e+01
1.725191133061224207e+02
