6.338950663264560717e+03
-7.527282228068732366e+03
-5.078062768639687420e+03
-2.334875604259522333e+03
-3.858652576896694882e+03
-6.943598836286957976e+02
-2.464997471103923999e+03
1.195509586691211780e+03
-8.160947498200573591e+02
3.481701263999999810e+03
1.134926782644454761e+03
6.163293620571428619e+03
3.613111357845645671e+03
6.265779987428571076e+03
9.972301544928292287e+02
3.511073514051925940e+03
-1.174998284056096281e+03
9.244200003881935572e+02
-3.003697012175434793e+03
-1.047646883989932803e+03
-4.361765008358705018e+03
-2.691719721878298060e+03
-5.453479344889646200e+03
6.068888311700666236e+03
