4.133703659728923867e+02
1.455372603094018302e+02
5.271657345052114607e+01
1.837928659940676823e+02
9.801741197816919282e+01
1.736096962315327232e+02
9.901476633836507801e+01
4.421010811401851015e+01
5.909940739295192458e+01
nan
2.229029013803007686e+01
nan
4.030137118017974274e+01
nan
5.334182986270731419e+01
4.637847810416320726e+01
1.930185577640517920e+02
7.430447300622182638e+01
1.780336894223827642e+02
5.254632773951185953e+01
1.967037227281214200e+02
7.114747695490521551e+01
1.945862854844851597e+02
3.668581582933911704e+02
