8.322017438399464595e+01
-1.101158070908030311e+02
-8.503415824117683997e+01
-6.688539634749957941e+01
-7.430322632989110332e+01
-4.706159946553183460e+01
-6.233195268070073780e+01
-2.974015698387934492e+01
-4.950786441418440376e+01
2.951070013616832188e+00
-2.712689844050375143e+01
5.112043614948689196e+01
2.108453478411334903e+00
5.847070383783016467e+01
-2.800393350286589822e+01
2.103354437351089512e+00
-5.187636898666823981e+01
-2.963562664214432019e+01
-5.731577103768465520e+01
-4.502835684275910921e+01
-6.857572845897082914e+01
-5.533351882551438905e+01
-6.734685956345175839e+01
2.875094301819180487e+01
