4.455250780564190904e+02
-2.474020070200407702e+02
-1.751021674285714766e+02
-1.003634374285714159e+02
-1.444625235714285907e+02
-3.927827628571428420e+01
-1.086785255714285654e+02
4.604035185714285916e+01
-4.506971900000000630e+01
1.929294575714285713e+02
4.927579471428571622e+01
4.465671360388245716e+02
2.267398354285714106e+02
4.548709112857143282e+02
5.344951600000000269e+01
2.180041397142857136e+02
-5.762323728571429626e+01
5.189650342857142107e+01
-1.353512892863672334e+02
-5.069938957142856140e+01
-1.688801766740474477e+02
-1.105227279999999865e+02
-1.937059638571428479e+02
3.973079454005423941e+02
