1.371015945016230035e+03
-2.447537940349886583e+02
-1.088978057142857203e+01
3.755041200000000003e+02
1.695326194285714507e+02
5.834087177142856717e+02
3.794991874285714744e+02
7.993034502857142343e+02
5.928486754285713687e+02
1.018194483428571516e+03
8.163791417142857654e+02
1.382293330285714319e+03
1.047158722285714248e+03
1.393150892571428585e+03
8.382553577142856511e+02
1.054311181714285794e+03
6.164324605714285781e+02
8.382875759999999445e+02
3.929342125714285885e+02
6.156592217142857635e+02
1.680183600000000013e+02
3.956083302857143167e+02
-2.374487657142856989e+01
1.444299903450883221e+03
