3.212831393889603646e+02
-1.726786892738368806e+02
-1.170109913877551122e+02
-6.804848571428570381e+01
-9.773058710204081478e+01
-2.546957608163265618e+01
-7.391361710204081703e+01
3.444549538775509490e+01
-2.880719228571429014e+01
1.384948704489795830e+02
3.778311159183673595e+01
3.103092656238943050e+02
1.602379818367347184e+02
3.208972162040816443e+02
4.219006114285714659e+01
1.585853757551020635e+02
-4.419911167346938896e+01
3.992177828571428932e+01
-9.879992044897959147e+01
-4.150957628571428160e+01
-1.261813349387755210e+02
-8.243587983673469921e+01
-1.292921228571428571e+02
2.770966529630314312e+02
