9.815752169666018290e+02
-7.169886930501163533e+02
-5.259681454121381421e+02
-3.055232069197032274e+02
-4.396643298571428886e+02
-1.252439929999999890e+02
-3.258738045714285931e+02
1.169612592857142914e+02
-1.484097638571428490e+02
5.096046913159951259e+02
1.137258164285714201e+02
9.736080891083955748e+02
5.202268569999999954e+02
1.025370281686058206e+03
1.263116891428571194e+02
5.294802235714284961e+02
-1.872350781428571906e+02
1.181260187142857205e+02
-4.061598916684322944e+02
-1.754580661428571204e+02
-5.307864633132227254e+02
-3.714935488571429119e+02
-5.782654463250090657e+02
9.416130064447830819e+02
