9.835245188611521883e+01
-2.219297262124242991e+02
-1.669948694832909553e+02
-1.228371739015686899e+02
-1.422453989371264811e+02
-9.866134547468179505e+01
-1.287367644082722506e+02
-7.263201562239578379e+01
-1.041402650939151044e+02
-3.077398755884403059e+01
-8.042589988298036019e+01
4.898521270550927653e+01
-2.920220815202348774e+01
4.669829278998937383e+01
-8.919625050660187071e+01
-3.440450479373851778e+01
-1.258634547708241342e+02
-8.459691547026081082e+01
-1.470015294860700692e+02
-1.134727849944286220e+02
-1.584437776252599690e+02
-1.279132692770426303e+02
-1.625089881105403720e+02
2.789430412007063609e+01
