1.893273334230060456e+01
5.761259535893256611e+01
6.413190879327376592e+01
9.442835570402597511e+01
8.307588829081888093e+01
7.721445220558288725e+01
7.904237948302895234e+01
7.349441121515987163e+01
6.298626293773454421e+01
9.195813790538296928e+01
7.510770044732036865e+01
7.128259526958115089e+01
5.035084586984066846e+01
-3.334109108121967324e+01
4.878362525787792237e+01
5.012256909461233079e+01
1.801293805661785541e+00
-3.779385314442582189e+00
6.806441429441537849e+00
3.446992142772196388e+01
1.702911216232515557e+01
1.893273334230060456e+01
-3.334109108121967324e+01
3.446992142772196388e+01
