-9.074977902463395196e+00
-4.613253496581623203e+00
3.202394422747016733e+01
3.098310091663423638e+00
-1.944982931280661465e+00
5.943066713237879384e+00
1.769845031253079126e+00
1.324262404029435514e+00
-5.022705975636136522e+00
-2.688388062972563386e+00
7.491312023271564868e+00
-5.636279725035820753e+00
9.071371553717966663e+00
8.200257473895023352e+00
4.917060452990053676e+00
8.291529681208649194e+00
1.071959327336724677e+01
2.732245131729666809e+01
1.808783669796998339e+01
6.838371712321314355e+00
1.319207155052524350e+01
9.925777999667172224e+00
2.313874299499914144e+01
1.103391253147590589e+01
3.425172769265335404e+01
3.129401282761535086e+01
1.980771360224134980e+01
1.201605144393150404e+01
1.517629665633796954e+01
2.696308654848799691e+01
2.971143666974013797e+01
1.475912814105233650e+01
9.134746257048423246e+00
5.432743837084681893e+00
-2.042992345503900609e+01
6.131068442446868438e+00
4.395704820653420164e+00
2.709573790467739496e+00
-2.877675976521683054e+00
2.229386524411458481e+01
1.185639846943439402e+01
9.981828170561611202e+00
1.988547264558186711e+01
2.134342301943200582e+01
7.415742917926321454e+00
1.766331229745864562e+01
2.274599542334098246e+01
4.137119914021252676e+00
2.195462999416248007e+00
-8.784487430200496050e+00
1.191150486524147389e+01
-3.213162072449120998e+00
1.214334705075446053e+01
1.237004405286353803e+00
8.136971702610976465e+00
-2.575553137468262221e+01
1.869873127806408775e+01
-3.072642235510035036e+01
8.193266512464655094e+00
2.721390568718814507e+01
-9.149074927341035846e+01
-1.765594832357411903e+01
-1.550755419036812732e+01
-2.503945018772047781e+00
-2.722933064768770617e+00
-2.095623676859147011e+01
-1.412093056886173770e+01
-1.360396938238509534e+01
3.280942773717395067e+00
-4.140210180558081987e+00
-3.129789845433658346e+00
-3.345188735769922062e+01
-1.986850580768692964e+01
-1.115866741155089414e+01
-7.897682490508429964e+01
-1.231081520493397932e+02
-7.116520279963063444e+01
-7.882908544061160683e+01
-7.158949598013999882e+00
-7.883294234826939828e+01
-9.074977902463395196e+00
8.291529681208649194e+00
1.201605144393150404e+01
1.517629665633796954e+01
-1.562312433896661901e+01
