3.471217150919872552e+02
-9.465461106261324176e+01
-6.253979877551021360e+01
-3.907927322448979623e+01
-5.259175824489796014e+01
-1.999329318367346886e+01
-4.458796016326531486e+01
1.260517187755102064e+01
-2.287725281632653207e+01
9.024525367346940641e+01
1.756299012244897995e+01
2.278408583651543324e+02
1.170109913877550980e+02
2.969809413470404706e+02
2.407620232653061620e+01
1.100765266530612223e+02
-2.491870738775510574e+01
1.934521236734693872e+01
-5.450359665306122992e+01
-2.261802048979591717e+01
-6.817810187755101481e+01
-4.646739453061225333e+01
-7.235822314285714185e+01
1.952273070856969071e+02
