5.691995631641319733e+02
-4.644141599258874749e+02
-2.916476965714286393e+02
-1.510473411428571637e+02
-2.252048674285714185e+02
-5.879242114285713683e+01
-1.610443028571428385e+02
7.705053771428572418e+01
-6.358196228571429032e+01
2.715251948571428784e+02
9.280137771428573501e+01
6.345722332081662671e+02
3.334034948571428458e+02
6.696368101093148653e+02
1.269389125714285740e+02
3.546832011428571150e+02
-4.937641218350441363e+01
1.147561200000000099e+02
-1.727420726178843040e+02
-5.567439771428571760e+01
-2.638790178964529787e+02
-1.679232411428571368e+02
-3.368273898357521716e+02
5.847442768269436328e+02
