4.083322798587586817e+02
-1.668006696039249732e+02
-1.106273953469387834e+02
-6.876137461224490721e+01
-9.990165783673468525e+01
-3.577406106122449359e+01
-7.242303122448980446e+01
2.611765689795917922e+01
-3.836638432653061415e+01
1.575386929052741607e+02
2.806189934693877319e+01
4.262466001631451604e+02
1.878462246122448960e+02
4.199239649387755549e+02
3.081624281632653251e+01
1.832772548571428786e+02
-6.244258665306123390e+01
3.003854583673469492e+01
-1.021043416941992632e+02
-4.844404102040817151e+01
-1.293245268979592026e+02
-9.231911228571429717e+01
-1.378467896326530706e+02
3.491850661491982351e+02
