9.022419090218878068e+01
-1.328070282443087820e+02
-1.001948820735504881e+02
-7.582401532610919048e+01
-8.848238475816756932e+01
-6.020565255857854936e+01
-7.834676589066542363e+01
-4.348079788097472687e+01
-6.176086008195328958e+01
-8.264270798392191253e+00
-4.445089044268635092e+01
6.601091080566754954e+01
-3.787312747497022070e+00
7.914094153579858926e+01
-4.834400829218346018e+01
-6.927047280342923052e+00
-7.733205671967665751e+01
-4.705650042447159365e+01
-9.007073604843388637e+01
-6.923095523521232053e+01
-9.757779924937969440e+01
-8.041187752006467804e+01
-1.021835080870460502e+02
4.636510147283686223e+01
