2.535313650513666289e+03
-2.633352659013897210e+03
-1.872462329142857016e+03
-9.405079037656881837e+02
-1.446314452017933718e+03
-3.369646640036830263e+02
-9.625816714480969267e+02
3.645176845714285605e+02
-3.757618662857142908e+02
1.321903973244934150e+03
3.629067702857142876e+02
2.538118471013287945e+03
1.381262345142857384e+03
2.924704236836891141e+03
3.435435805714286062e+02
1.412127462857142746e+03
-5.145805282234487095e+02
3.382275634285714432e+02
-1.171697276793392348e+03
-4.580473680000000627e+02
-1.629629797493105116e+03
-1.070692638035157415e+03
-2.042307193366666297e+03
2.445217259993724838e+03
