2.640622487300263970e+02
-1.594564355672911518e+02
-9.733376228571428612e+01
-4.892403771428570991e+01
-7.293603257142858354e+01
-6.461058857142856660e+00
-4.821685714285714397e+01
5.123844685714285418e+01
-4.596673714285714141e+00
1.410503794285714321e+02
7.036446685714285820e+01
2.898035931405207180e+02
1.707198188571428830e+02
2.786934342857142610e+02
1.054984834285714186e+02
1.750593360000000018e+02
5.229921771428571020e+01
9.360499199999999576e+01
4.693107428571428485e+00
3.368751085714285409e+01
-4.969550742857143177e+01
-2.876939142857142784e+01
-1.040519777142857265e+02
2.475176051196364995e+02
