6.192431301808684339e+02
-3.701748225379603809e+02
-2.326610130612245086e+02
-7.913066767346938946e+01
-1.688574566938775661e+02
1.999329318367346886e+01
-8.476897077551021198e+01
1.252740217959183866e+02
1.036929306122448935e+01
2.703145084897959691e+02
1.143214560000000262e+02
5.399096602978436295e+02
2.810726500408163133e+02
5.473042380759313801e+02
1.037253346530612248e+02
2.795496601224489837e+02
-1.591038404081632507e+01
1.058964053877550953e+02
-1.141270317551020241e+02
-5.865131387755101677e+00
-1.984423459591836547e+02
-1.039521629387755297e+02
-2.680593952212096838e+02
4.783066317906406653e+02
