4.238021466349826483e+02
-2.923935546914154315e+02
-1.924800024489795760e+02
-9.847588004081633528e+01
-1.578076787755102259e+02
-3.946812171428571503e+01
-1.125392337551020461e+02
5.080953600000000137e+01
-4.497680865306122655e+01
1.887211337142857133e+02
4.935135416326530589e+01
3.781542740898276520e+02
1.990904267755102239e+02
3.910195605306122957e+02
4.760153595918367841e+01
2.038214167346938552e+02
-6.529414224489796936e+01
4.517123289795920016e+01
-1.503871534285714233e+02
-5.667466738775510038e+01
-2.019798209914472977e+02
-1.322732946122449107e+02
-2.359334797192798305e+02
3.549712226185517920e+02
