5.896789491985550740e+02
-3.963430971832510181e+02
-3.522659768867652588e+02
-2.682172083304808439e+02
-3.256834010794427172e+02
-1.822473760547490258e+02
-2.786995619900795873e+02
-3.374545373670184034e+01
-1.907168832558161000e+02
2.279309596737496122e+02
-3.062739012836198782e+01
6.407803667524299271e+02
2.369320419053472051e+02
6.658888710984633690e+02
-2.915376726195115964e+01
2.442912329155459190e+02
-2.004598759616793302e+02
-2.804727535187798537e+01
-3.081669202772358744e+02
-2.016313806452706103e+02
-3.784826964980152297e+02
-3.097845910535985468e+02
-4.284583979294771439e+02
6.784398809218719180e+02
