2.747324724142605987e+02
-1.207983770963101051e+02
-8.493099097959184007e+01
-4.462036420408163195e+01
-6.542375840816326615e+01
-1.915078812244897932e+01
-4.714787938775510412e+01
2.297446493877551177e+01
-1.859991942857142888e+01
1.093636377551020473e+02
2.650650538775510512e+01
2.586779894208983137e+02
1.182423449387755170e+02
2.614358013061224142e+02
3.071903069387755281e+01
1.246907490612244942e+02
-2.906642461224489793e+01
2.861276804081632719e+01
-6.740040489795919143e+01
-2.585842457142857498e+01
-8.668080918367347465e+01
-5.307781885714285153e+01
-9.121737489795918918e+01
2.819314512198627654e+02
