6.241617536764039187e+02
-4.797017229350577168e+02
-3.347214222857142545e+02
-1.756379382857143128e+02
-2.580244748571428772e+02
-6.428914285714286336e+01
-1.795274314285714752e+02
8.376875314285715035e+01
-6.907868399999999554e+01
3.070128017142857288e+02
8.508668057142858743e+01
6.210735794759813189e+02
3.333713502857142430e+02
6.747712393207025343e+02
9.241564285714285631e+01
3.333713502857142430e+02
-8.139005485714285726e+01
8.859043885714288535e+01
-2.016715068268459845e+02
-7.441468285714285003e+01
-2.907232345043880741e+02
-1.896529714285714192e+02
-3.504528446569571543e+02
6.003817684263121919e+02
