1.664013295352846853e+03
-4.934557240609375981e+02
-1.162113565714285812e+02
4.076579691428572119e+02
1.371532422857142990e+02
6.694959771428572139e+02
4.095910662857143052e+02
9.441246445714286892e+02
6.780660411428572161e+02
1.221234120000000075e+03
9.636811440000000175e+02
1.639201940571428622e+03
1.238245374857142679e+03
1.639846306285714263e+03
9.655498045714285809e+02
1.230609641142857299e+03
6.767128731428572337e+02
9.507616114285715412e+02
4.007954742857143628e+02
6.699792514285713878e+02
1.122807257142857225e+02
3.950606194285713855e+02
-1.335770125714285825e+02
1.645961734201029685e+03
