2.293393308028979391e+03
-1.494888606682472755e+03
-8.680894902857141915e+02
-1.238148719999999940e+02
-5.256735497142857412e+02
3.330404194285715107e+02
-1.384741919999999880e+02
8.652542811428570531e+02
3.370032685714286345e+02
1.576233677161296555e+03
9.007588320000000977e+02
2.325794606868602841e+03
1.605372740571428722e+03
2.462827626102811791e+03
9.496339714285713853e+02
1.657791891428571489e+03
3.349090800000000172e+02
9.567864308571428182e+02
-2.344845046572758349e+02
3.396129497142857758e+02
-6.997985433935477886e+02
-2.034906925714285819e+02
-1.032082636583022577e+03
2.286407987571898047e+03
