4.424575588680771148e+02
-2.095764329227395137e+02
-1.469328359999999805e+02
-7.737198342857143984e+01
-1.102558800000000048e+02
-2.809435542857143275e+01
-8.122933200000001364e+01
4.429521942857142847e+01
-3.137310171428571692e+01
1.675696508571428751e+02
5.480649428571429382e+01
4.044333192348692592e+02
2.129256411428571596e+02
4.187931564667326256e+02
7.489685142857143774e+01
2.257191805714285806e+02
-2.921941542857142693e+01
6.473916685714286245e+01
-9.183704057142857380e+01
-2.992659599999999998e+01
-1.347500434285714164e+02
-8.711178857142857623e+01
-1.487650765714285797e+02
3.924574329384048497e+02
