2.114089130420197762e+02
-1.969889272425851061e+02
-1.479155325961189646e+02
-1.030324984235768397e+02
-1.245644740607266954e+02
-6.625056573549906602e+01
-1.031867444156492724e+02
-1.688165019020635071e+01
-7.023291680355046651e+01
6.899384982591091386e+01
-1.470945869854195109e+01
2.055499937000689386e+02
7.478126142928906006e+01
2.168532929703672210e+02
-1.551255766553055260e+01
7.763290014223112223e+01
-8.217614572690946773e+01
-1.662287385639891113e+01
-1.156131074794665068e+02
-7.490491317500000434e+01
-1.394727953606182211e+02
-1.075553478440142356e+02
-1.498314972745060629e+02
1.877352189958377835e+02
