2.866248788196471082e+02
-9.606387784667934682e+01
-6.573564857142856965e+01
-3.613049828571428179e+01
-5.335998857142858043e+01
-1.115416628571428603e+01
-3.497329371428571676e+01
3.429825771428571812e+01
-5.496721714285714988e+00
1.209921668571428626e+02
4.857044742857143405e+01
3.248308211048317844e+02
1.489900885714285721e+02
2.924513108571429143e+02
5.657444571428571578e+01
1.477685948571428867e+02
7.393251428571430139e-01
4.905261600000000755e+01
-3.272317371428571420e+01
-2.442987428571429032e+00
-6.027107142857143174e+01
-3.757700400000000229e+01
-7.936494685714286845e+01
2.697863643190298149e+02
