2.107936823135344639e+03
6.121474285714285202e+01
5.136561291428571394e+02
9.904223211428571858e+02
7.548099977142857142e+02
1.257962965714285701e+03
1.017775645714285702e+03
1.574755971868337383e+03
1.297108182857142765e+03
1.886093650255548027e+03
1.600636652571428385e+03
2.254973508385723562e+03
1.922110707428571459e+03
2.229312061714285846e+03
1.657952982857143070e+03
1.957389730285714222e+03
1.379200374857143061e+03
1.666168645714285731e+03
1.095196186285714475e+03
1.372917809142857095e+03
8.183122388571429155e+02
1.087206051428571527e+03
5.492251165714286572e+02
2.298721618496399969e+03
