2.354154534551123845e+02
-2.087470924448425933e+02
-1.516977463025557427e+02
-7.851758376618364821e+01
-1.175851616095162768e+02
-5.673575511708177999e+01
-8.807063719255275203e+01
9.256034284609855334e+00
-5.073800806996851520e+01
7.711024843355600922e+01
6.746031322704221012e+00
2.164313473226319218e+02
9.113898515055524285e+01
2.256708097237960260e+02
6.758778925354835820e+00
9.487148320665463075e+01
-5.123516457334241636e+01
2.981664259978302756e+00
-9.066477433195244373e+01
-4.632988707338665790e+01
-1.295003458070439422e+02
-9.612584730747489914e+01
-1.597975730267550603e+02
2.058482876020932792e+02
