6.662993731577626022e+02
-3.758268315022600063e+02
-2.642225488163264799e+02
-1.398882442040816443e+02
-2.173987098367346675e+02
-3.956533383673469473e+01
-1.478272342040816341e+02
1.015866679591836856e+02
-4.543046522448980085e+01
3.201042824026619087e+02
1.042113952653061091e+02
6.398763811535650348e+02
3.521347115510204162e+02
6.509323719183673802e+02
1.098496983673469458e+02
3.529772166122449448e+02
-7.773729391836735658e+01
1.057991932653061440e+02
-2.033545922345460326e+02
-6.409519273469388168e+01
-2.656207892670711317e+02
-1.730051739183673192e+02
-3.002922136967476945e+02
5.807339763638879049e+02
