3.120155402716839603e+02
-1.417464183300735669e+02
-1.113726882857142755e+02
-6.396557657142857067e+01
-9.037486983673471741e+01
-3.139951555102040359e+01
-7.187216253061224336e+01
2.404379828571428845e+01
-3.593608126530612168e+01
1.171082035102040919e+02
2.329850534693877862e+01
2.725503873061224454e+02
1.394345876326530629e+02
2.783507106122448818e+02
2.452985889795918339e+01
1.242694965306122583e+02
-4.581931371428571964e+01
2.258561644897959297e+01
-8.188501114285715232e+01
-4.270852579591836928e+01
-1.061880417551020486e+02
-7.589026359183674231e+01
-1.133169307346938837e+02
2.478548773324890533e+02
