6.344936212216165359e+02
-2.432311116677689427e+02
-1.771916768435160066e+02
-1.074792649167845298e+02
-1.501387144983858377e+02
-6.356847013781017353e+01
-1.146315420753693104e+02
4.540058684015699697e+01
-7.151787515073222323e+01
2.152114017489682851e+02
5.190313895223452789e+01
9.657796732495507968e+02
2.654994194453702221e+02
6.511478609804357802e+02
5.710925987474473686e+01
2.720950290567972161e+02
-8.243356564873759851e+01
4.505385204806034238e+01
-1.340266601409867064e+02
-6.627606094080029209e+01
-1.647393545347765098e+02
-1.178617845870345775e+02
-1.567931827331871091e+02
4.745593139374567500e+02
