2.285527939954514750e+03
-2.500015786065453085e+03
-1.673578851428571625e+03
-7.883008068050380643e+02
-1.243237490659498917e+03
-2.454819000657575430e+02
-8.114847799821253602e+02
3.947852744009562116e+02
-2.751119417142857628e+02
1.210022156571428468e+03
3.885847440000000574e+02
2.232851494202773210e+03
1.251454872000000023e+03
2.318684219084208962e+03
3.861683725714286197e+02
1.272203447999999980e+03
-3.740073247485372576e+02
3.808201371428571065e+02
-1.006643324831297491e+03
-3.526613554285714827e+02
-1.463662347869490759e+03
-9.131628720000002204e+02
-1.746005664705134450e+03
2.177894991479027340e+03
