6.168412946648883235e+02
-3.278254807904194763e+02
-2.393972667984673706e+02
-1.479244474285714261e+02
-2.062918365714285756e+02
-5.891741442857143340e+01
-1.616103707142857218e+02
7.325042628571429759e+01
-6.914141385714286514e+01
2.855286391334992686e+02
7.603290714285714103e+01
5.635188596473761891e+02
3.112172484285714518e+02
6.251467324727827872e+02
8.321559028571429906e+01
3.147115267142856965e+02
-9.224247585714286402e+01
7.522404642857142676e+01
-2.121095610531375257e+02
-8.548040028571426774e+01
-2.590597917571415110e+02
-1.787905722857142337e+02
-2.744537493532203030e+02
5.629367974052959198e+02
