8.311446309292186925e+02
-5.571891223945416414e+02
-3.921316268571428623e+02
-2.147578817142857304e+02
-3.169133297142857373e+02
-8.026499485714285242e+01
-2.243691085714286260e+02
1.126988674285714325e+02
-8.396162057142858259e+01
4.338587084852332509e+02
1.283854182857142803e+02
8.812873543963830798e+02
4.771218737142856980e+02
8.874473279999999704e+02
1.467078239999999880e+02
4.808506439999999884e+02
-9.877030321244977529e+01
1.341392965714285594e+02
-2.594443613111560580e+02
-9.151559485714285813e+01
-3.730280648050900822e+02
-2.445558994285714220e+02
-4.475009321089386276e+02
8.484459909730284153e+02
