3.886575107221183316e+03
-3.181887343629004135e+03
-2.105496468865979750e+03
-8.659058874160510868e+02
-1.572868505114144909e+03
-3.492462171428572049e+01
-9.358767634285715076e+02
1.009062941813565089e+03
-7.390874742857143076e+01
2.352119883011969250e+03
1.035560139428571347e+03
4.012297402382745076e+03
2.494694081142857158e+03
4.192505689055309631e+03
1.077057291428571489e+03
2.560451602285714216e+03
-2.242561582900069084e+02
1.072514513142857140e+03
-1.277096798241697115e+03
-1.794236331428571134e+02
-2.027611876584689753e+03
-1.151674841142857304e+03
-2.482693239804428686e+03
3.797429068233657745e+03
