-1.171249731538291527e+01
-1.618465539213106865e+02
-1.021337924367086600e+02
-6.616005775667971989e+01
-8.918477766421631259e+01
-2.937812506860194617e+01
-5.362024102927204439e+01
-2.561120848534590522e+01
-2.915631678248128367e+01
-6.836539301523571588e+00
-1.975241030712432178e+01
-1.379545558849302367e+01
-9.341443222368960519e+00
-2.281820874459666637e+00
-2.164415454047523824e+01
-1.780712614264082916e+01
-1.901687363418396970e+01
-1.283301158837176992e+01
-4.171780443439499919e+01
-3.110032618669971782e+01
-4.951551297577476873e+01
-3.981713687918865219e+01
-8.687491206392530785e+01
1.639341700868788276e+00
