-5.583449960968346559e+00
-3.434819319917086204e+02
-2.693708663703612842e+02
-1.272873619868975510e+02
-1.980391062183279871e+02
-9.188344514535100416e+01
-1.609525058269005626e+02
-2.910022733081858703e+01
-6.316819541458092857e+01
-1.493891554625298035e+01
-2.443460476069435217e+01
-7.356641489668567679e+00
-1.296558665593813942e+01
-8.779273945476941066e+00
-2.572338738867129493e+01
-1.132497019480429046e+01
-3.910454589101940570e+01
-2.236439409023485325e+01
-1.774924375338312927e+02
-1.028425591440827134e+02
-2.736693579841478368e+02
-1.755854789095388355e+02
-2.969557836625843947e+02
-9.013746586636301572e+00
