5.569544031902441930e+02
-1.035302168402765517e+02
-6.218335432653061190e+01
-4.037543485714285652e+01
-5.703111183673469498e+01
-2.278004069387755592e+01
-4.102351567346939021e+01
1.918319216326530707e+01
-2.913123269387754988e+01
7.724871427901726975e+02
2.566400032653060848e+01
4.759785990407478948e+02
1.718386284489796196e+02
4.437559411464148980e+02
3.347337416326530501e+01
1.761483658775510150e+02
-3.674618228571429057e+01
2.799709126530612480e+01
-6.589006044097203585e+01
-3.094585897959183995e+01
-7.060840493877550728e+01
-5.006424306122448087e+01
-8.227385963265307112e+01
3.410530803205507482e+02
