2.970219935831161138e+02
-2.083865726669438061e+02
-1.452934628571428846e+02
-7.518615257142857899e+01
-1.156883125714285825e+02
-2.500847657142857727e+01
-8.184007885714285635e+01
5.020982057142857968e+01
-2.645498228571429067e+01
1.561583279999999831e+02
5.686374685714286414e+01
3.084914520000000380e+02
1.806524914285714090e+02
3.407324571428571289e+02
7.039661142857141840e+01
1.916137902857142876e+02
-1.941532114285714528e+01
6.354981771428571591e+01
-8.743323428571430611e+01
-2.542635600000000196e+01
-1.355858022857142942e+02
-8.428306628571428405e+01
-1.684696988571429017e+02
3.093841916951276971e+02
