4.052557476819454791e+02
-9.246789933659151473e+01
-5.641543506122449259e+01
-3.139951555102041070e+01
-4.300016216326530838e+01
-1.185987893877550903e+01
-3.593608126530612168e+01
2.537236395918367293e+01
-1.458181836734693881e+01
1.077110316734693924e+02
3.020056604081632656e+01
5.959851404505069468e+02
1.589094161632653197e+02
3.815522240237793312e+02
3.655175804081633117e+01
1.533035171020408427e+02
-2.469187910204081504e+01
3.023297008163264721e+01
-5.557292999999999950e+01
-1.947482853061224262e+01
-6.493769779591836766e+01
-4.053745506122449171e+01
-6.983070795918368390e+01
3.102211128731174199e+02
