3.640401011687022788e+02
-2.335318697354529434e+02
-1.617146086734693711e+02
-8.599084438775511785e+01
-1.293263433673469365e+02
-2.587822397959183718e+01
-9.240372091836736956e+01
4.625044285714286474e+01
-3.517365612244898188e+01
1.798520372448979856e+02
5.185361275510204848e+01
3.712113032577553327e+02
1.975036418367346869e+02
3.960434493728678831e+02
5.603169897959184453e+01
2.084832637755102098e+02
-4.663910204081633282e+01
5.360257908163266194e+01
-1.177961209183673503e+02
-4.200758010204081927e+01
-1.546239509637071308e+02
-9.982063367346941618e+01
-1.757580695098619969e+02
3.613584857126227803e+02
