3.417968361008806255e+02
-1.295790352342689857e+02
-8.600032432653061676e+01
-4.342141469387755848e+01
-6.101680885714285552e+01
-1.438739412244897942e+01
-4.458796016326531486e+01
2.874238420408163464e+01
-2.595563669387755112e+01
1.388957453564915738e+02
3.204759636734694084e+01
3.539861336019297937e+02
1.586825878775510432e+02
5.111176260837927998e+02
3.097826302040816770e+01
1.694731334693877614e+02
-4.163919244897959970e+01
2.903402057142857018e+01
-5.997987955102040303e+01
-2.504832355102040964e+01
-7.977874848979593025e+01
-5.453600069387754701e+01
-8.933794053061224361e+01
2.494171247299991592e+02
