5.527428152870419353e+02
-1.232306241108999671e+02
-7.984355657142857865e+01
-4.312977832653060517e+01
-6.542375840816328036e+01
-2.222917200000000193e+01
-4.938375820408164429e+01
2.132185885714285689e+01
-2.093301036734694165e+01
1.595886634975433367e+02
2.961729330612244482e+01
3.990701319615606053e+02
1.656494566530612360e+02
4.200825338604345802e+02
3.301971759183673072e+01
1.714497799591836724e+02
-3.661656612244897957e+01
2.738141448979591885e+01
-6.506937737812836531e+01
-2.964969734693877612e+01
-8.272751620408163831e+01
-5.239733400000001495e+01
-8.804177889795919043e+01
2.910855138874377985e+02
