3.320997399717609824e+02
-1.857599064729459997e+02
-1.231458531428571490e+02
-6.425699828571428895e+01
-9.328354628571428009e+01
-1.838669485714286012e+01
-6.570350400000000946e+01
5.377786800000000511e+01
-1.600799657142857058e+01
1.620086399999999855e+02
6.168543257142856362e+01
3.707997973659499849e+02
1.935424645714285816e+02
3.744842571428571887e+02
6.737502171428570819e+01
2.044394742857143115e+02
-2.201903142857142726e+01
6.927155142857142778e+01
-8.081145257142857474e+01
-2.092611600000000394e+01
-1.135024817142857074e+02
-7.181097257142856449e+01
-1.356179468571428686e+02
3.030427072550330649e+02
