3.941351379935074419e+02
-1.077429873032248366e+02
-6.496417885714286911e+01
-3.323748685714286211e+01
-5.017767600000001238e+01
-5.464577142857144354e-01
-3.388037828571428633e+01
4.911690514285714215e+01
-5.464577142857143244e-01
1.429147645714285773e+02
6.306764914285714241e+01
3.188741485714285773e+02
1.903601519999999994e+02
3.665766925714286231e+02
9.212634171428572927e+01
1.901994291428571273e+02
2.314409142857142498e+01
8.065072971428573112e+01
-1.632944228571428624e+01
1.909387542857143316e+01
-4.857044742857143405e+01
-2.356197085714286032e+01
-7.733983885714286544e+01
2.973428746974236674e+02
