1.152340026707032621e+02
-7.348865452051694547e+01
-4.773849716627936601e+01
-2.796824021544418315e+01
-3.902041171352536253e+01
-2.031712910454646348e+01
-2.725819874780505714e+01
-5.552855714606876880e+00
-2.221652189948775202e+01
2.194499796302969941e+01
-2.205335258555990663e+00
7.779479469589389851e+01
2.646657262320201198e+01
9.270694027658059611e+01
-1.031281054434564748e+00
3.454727794342537806e+01
-2.341479654864534155e+01
1.112865711398485224e+00
-2.728624347363640368e+01
-2.411846421495915749e+01
-3.942833499834496536e+01
-2.674701988151549159e+01
-4.508317153415674738e+01
5.278527305565691563e+01
