1.047088081721324215e+01
-2.046670947404875051e+03
-1.514022568731145611e+03
-9.048860246332098995e+02
-1.196783179647468842e+03
-6.227305875645490687e+02
-9.072825739315250075e+02
-3.898497337815665560e+02
-6.232226450268627786e+02
-1.698133644293414193e+02
-3.915846825023149904e+02
1.363611055536036787e+01
-1.627231478350706482e+02
1.440734051572243146e+01
-3.892569702583131743e+02
-1.685271313218945863e+02
-6.192683386846427993e+02
-3.888248265284573790e+02
-9.118347428380589008e+02
-6.293172738541206854e+02
-1.210242098525985512e+03
-9.174398637235331080e+02
-1.562139669696147848e+03
2.179457625175247415e+01
