4.321722906896255154e+03
-3.935234841219340069e+03
-2.540547224346061284e+03
-8.318242882051373499e+02
-1.757958541714285730e+03
1.841597211428571370e+02
-8.889025028571428493e+02
1.318694434285714351e+03
1.478174948571428615e+02
3.272659050004514484e+03
1.354682259428571342e+03
4.277525139428571492e+03
2.850443554593188765e+03
4.438777659428571496e+03
1.375573683093165528e+03
2.918396756571428796e+03
-1.446272809184537067e+01
1.402300885714285641e+03
-1.308864855648099365e+03
3.096177257142857187e+01
-2.264818057556461099e+03
-1.160470433142857019e+03
-2.774939527805252510e+03
4.265505978618504741e+03
