5.369965282386770014e+02
-1.543425579961253788e+02
-1.111134559591836819e+02
-6.568299073469388816e+01
-8.988880922448977628e+01
-2.893680844897959403e+01
-7.261745546938774964e+01
3.713503077551020226e+01
-3.188557616326530564e+01
1.924925992936657337e+02
5.155482893877551476e+01
5.272231074134326718e+02
2.444236798775510522e+02
5.671599718811520461e+02
5.336945522448979773e+01
2.258885685306122753e+02
-4.938375820408163719e+01
4.180121265306122780e+01
-9.403019735409154123e+01
-4.125034395918368091e+01
-1.117939408163265398e+02
-7.744565755102041749e+01
-1.247231531020408113e+02
4.581194739133202916e+02
