4.511270289277385928e+02
-2.869967853607477082e+02
-2.045019015918367415e+02
-1.107570115102040944e+02
-1.743337395918367747e+02
-4.727749555102040091e+01
-1.246907490612245226e+02
4.633777836734694944e+01
-5.421196028571428371e+01
1.970813762448979389e+02
5.029107134693877157e+01
4.194603722740945386e+02
2.290317604897959427e+02
4.554387936734693767e+02
5.333705118367348064e+01
2.391094171836734574e+02
-8.473656673469388068e+01
4.957818244897959659e+01
-1.657292692016271189e+02
-7.407563730612244512e+01
-2.236288119547239432e+02
-1.488317594693877766e+02
-2.243160599982092549e+02
4.212583070054428731e+02
