2.965462370811909523e+02
-1.578595234615287666e+02
-1.060578168571428392e+02
-5.561726271428572232e+01
-8.573923571428572643e+01
-1.423594857142856895e+01
-5.830268028571429539e+01
3.830764342857142424e+01
-1.866850528571428214e+01
1.201319932857142874e+02
3.804880799999999397e+01
2.767501778458880040e+02
1.355974101428571430e+02
2.635915295714286231e+02
4.099306099999999731e+01
1.352415114285714424e+02
-2.323047971428571401e+01
3.526632714285714343e+01
-7.667999571428570960e+01
-2.099802414285714036e+01
-9.906926028571429299e+01
-6.283230028571428250e+01
-1.178024744285714007e+02
2.830151565353337446e+02
