3.437489426612312968e+02
-1.969465928556001870e+02
-1.160419028571428584e+02
-5.454933771428571987e+01
-9.116200457142858227e+01
-1.301855142857142944e+01
-5.265280800000000738e+01
4.805613428571429324e+01
-1.330785257142857247e+01
1.478328839999999786e+02
5.323141028571428990e+01
3.386974840834453744e+02
1.854741771428571724e+02
3.574476342857143436e+02
6.573564857142856965e+01
1.995213548571428248e+02
-3.304461942857142986e+01
5.612442171428571669e+01
-9.563009999999999877e+01
-2.452630800000000022e+01
-1.312462851428571469e+02
-6.997873199999999372e+01
-1.466435348571428676e+02
2.468914317257808761e+02
