5.474690532103124951e+02
-2.586838771099675682e+02
-1.851566892244898099e+02
-1.115023044489796007e+02
-1.646773354285714390e+02
-4.870327334693878640e+01
-1.210614964897959140e+02
5.907256640816327575e+01
-5.223531379591837265e+01
2.290769821524900181e+02
7.051119281632654179e+01
5.245706428414645188e+02
2.768277206938775521e+02
5.977796018548642678e+02
8.463935461224490098e+01
2.825308318775510088e+02
-7.077042514285714958e+01
7.799652624489796438e+01
-1.506977372137820623e+02
-6.072517248979592352e+01
-1.926579879066953538e+02
-1.311715572244897885e+02
-2.051654499141645829e+02
4.467641342798650612e+02
