3.185999052815817322e+03
-3.965473745816755127e+03
-2.779456442788478853e+03
-1.359537442750816126e+03
-2.149422016083786275e+03
-4.628582207874592314e+02
-1.421696293714285730e+03
5.640455279999999902e+02
-5.107242651428571776e+02
1.815470597820029752e+03
5.553143725714286347e+02
3.262786048654917977e+03
1.864826595428571636e+03
3.328548823649055066e+03
5.270589360000000170e+02
1.884093130285714551e+03
-6.887040512278234701e+02
5.271233725714286038e+02
-1.736371207736305678e+03
-6.380509302857143439e+02
-2.505342369074701310e+03
-1.605340522285714542e+03
-3.039075740676508758e+03
3.125122978046379558e+03
