1.791379817275382493e+03
-1.427598482397600492e+03
-1.029974054975906938e+03
-5.444196444716316137e+02
-8.146393542857142620e+02
-2.092255474285714172e+02
-5.775772080000000415e+02
2.412827417142856916e+02
-2.369654914285714540e+02
9.615174725851559288e+02
2.512704102857142630e+02
1.861836610958376241e+03
9.953195005714286481e+02
2.131460342854456485e+03
2.476619622857142815e+02
1.000603299428571404e+03
-3.221808276783760903e+02
2.444723520000000008e+02
-7.410559342311221371e+02
-2.990823462857142658e+02
-1.000084497141259135e+03
-6.701403428571429686e+02
-1.157185621018419852e+03
1.755348983567183723e+03
