4.899236871816214034e+02
-1.574015850633404625e+02
-1.021699406938775780e+02
-6.710876853061223812e+01
-8.544945563265305566e+01
-3.489915195918367630e+01
-7.067321302040816988e+01
1.526230322448979493e+01
-4.150957628571428870e+01
1.200569712244898142e+02
1.694731334693877400e+01
4.208907492835049879e+02
1.408279613877551242e+02
4.454933964826496435e+02
1.241074763265306125e+01
1.405363250204081851e+02
-6.114642502040815941e+01
1.419296987755102002e+01
-9.834626387755102428e+01
-5.534610171428570879e+01
-1.132683499274201182e+02
-8.625955665306121034e+01
-1.257924864489796164e+02
2.990421294987430088e+02
