6.926947552111287223e+02
-7.757316080310588404e+02
-5.350463914285713827e+02
-2.565136799999999653e+02
-4.009070948571429085e+02
-8.865472800000000575e+01
-2.660284731428571376e+02
1.070414228571428623e+02
-9.942315942857143796e+01
3.648408857142857755e+02
1.144989634285714288e+02
7.100304501919254108e+02
3.888207360000000108e+02
7.289079844655713032e+02
1.201885525714285734e+02
4.033179377142857334e+02
-1.329499474285714484e+02
1.160419028571428584e+02
-3.541045988571428325e+02
-1.283854182857142803e+02
-5.216282325171425782e+02
-3.257852314285714783e+02
-6.280667366741076876e+02
6.361908164036683502e+02
