3.218523027010194255e+02
-1.462666616904161287e+02
-1.011586008339367879e+02
-6.242501018005022217e+01
-8.874243585224006381e+01
-3.143558813641083205e+01
-6.325997815366535804e+01
2.423319263881467478e+01
-2.977839979183118402e+01
1.251432152210645086e+02
2.956169054677076957e+01
2.684071476099749702e+02
1.319759302417929234e+02
2.943612666066223369e+02
3.414445369966602328e+01
1.335311377651676423e+02
-3.191362323580881011e+01
3.295892665315904679e+01
-7.208131918788932069e+01
-2.984851160640955570e+01
-9.553690806501661825e+01
-6.422242215378661001e+01
-1.063596227153867630e+02
2.576015763388715527e+02
