3.743552296438746794e+02
-2.257296232424974107e+02
-1.487021433061224513e+02
-9.218949612244898617e+01
-1.208670722448979689e+02
-5.003183902040816378e+01
-9.510585979591834871e+01
-2.754343469387754428e+00
-6.059555632653060542e+01
1.017162841224489540e+02
-5.767919265306121979e+00
3.096182125577394686e+02
1.281903854693877634e+02
3.757349257151867619e+02
-5.281858653061225262e+00
1.369394764897959078e+02
-9.170343551020408768e+01
-7.064080897959184036e+00
-1.289790520444399817e+02
-7.417284942857143903e+01
-1.616313555918367513e+02
-1.193764863673469563e+02
-1.757300476088728090e+02
2.404413770492695051e+02
