-8.018242067235363812e-01
-5.117518359473285727e+02
-3.691552756385619887e+02
-1.874343755732832619e+02
-2.927512443918499798e+02
-1.394536739566422909e+02
-1.878206279335968816e+02
-6.528557221484769002e+01
-1.239360172500514921e+02
-3.625163241781229573e+01
-6.633852419378828813e+01
-3.325849531544843973e+00
-3.460591691561819516e+01
-8.672194083211795856e+00
-5.461965307708008055e+01
-2.836214113734811448e+01
-1.178707079088899832e+02
-6.751640267870490675e+01
-2.009468343829327353e+02
-1.278673779075004404e+02
-3.223279558479173375e+02
-2.202288581522494439e+02
-3.985015317005374413e+02
-1.052697026887593523e+01
