1.251448903571797246e+03
-2.676193692533466333e+02
-2.086496188163265799e+02
-1.294541430612244994e+02
-1.754030729387754945e+02
-5.187886934693877095e+01
-1.395966078367347052e+02
7.731604138775510648e+01
-6.422480889795917847e+01
3.120095433145217498e+02
8.525503138775511047e+01
8.067310001632654348e+02
4.871947536734694495e+02
1.054617863303334843e+03
1.196681227346938812e+02
5.092349220077430800e+02
-8.253309195918367891e+01
7.870941514285715357e+01
-1.805851663860006511e+02
-7.644113228571428920e+01
-2.119380782704645014e+02
-1.496094564489796142e+02
-2.471837019468223104e+02
9.315202424679042679e+02
