-9.337618941573776254e+00
-2.268945795782548203e+02
-1.678323869774361867e+02
-9.556750231137806395e+01
-1.328975819134322194e+02
-8.193139175601771740e+01
-9.491100077487153897e+01
-4.398305342540886897e+01
-8.091795734529399908e+01
-3.975084934540547010e+01
-4.536234403220515787e+01
-1.025544633241788794e+01
-3.725614350668057284e+01
-2.424721500173034983e+01
-4.421760931418014451e+01
-2.498657595546588084e+01
-7.855582657413548020e+01
-5.801433966293822664e+01
-9.633873227174014175e+01
-7.095570587384020200e+01
-1.336790099559147507e+02
-1.042728401614814544e+02
-1.504981968931330982e+02
-2.341224702811521752e+01
