4.691408900402579434e+02
-3.666975257810818221e+02
-2.513705485714285714e+02
-1.355858022857142942e+02
-2.033787034285714697e+02
-5.053126628571429535e+01
-1.422075839999999971e+02
7.576475485714286151e+01
-5.532080742857142042e+01
2.361018771428571483e+02
7.965424799999999550e+01
5.628229587760116601e+02
2.675714125714285956e+02
4.951871228571429810e+02
8.585815028571428797e+01
2.658998948571428969e+02
-6.721429885714286456e+01
8.797969200000000001e+01
-1.625872422857142965e+02
-6.139613142857143657e+01
-2.307337337142857052e+02
-1.491508114285714441e+02
-2.775040851428571500e+02
4.444886228298211108e+02
