4.042446393597251131e+02
-1.508015993128227024e+02
-9.299959714285715506e+01
-4.325939448979591617e+01
-7.657074844897960020e+01
-5.443878857142856909e+00
-4.682383897959183372e+01
6.027151591836735633e+01
-8.846303142857143698e+00
1.707692951020408429e+02
6.134084926530611170e+01
3.901995041222847931e+02
2.105614572244898000e+02
4.206982359740458151e+02
7.229341506122449346e+01
2.026548712653060988e+02
-1.237834359183673349e+01
6.198893008163265250e+01
-6.772444530612246183e+01
-1.471143453061224626e+01
-1.011978194693877668e+02
-5.920218257142857254e+01
-1.190848500000000030e+02
3.613529655762760058e+02
