1.966712589203901871e+03
-2.341473412051044761e+03
-1.546542150857143042e+03
-6.672684457125258177e+02
-1.140398441142857109e+03
-1.292275440000000231e+02
-6.976225405714285444e+02
4.541489554285714689e+02
-1.552599188571428783e+02
1.156056528000000071e+03
4.626545828571428842e+02
2.185670108090501344e+03
1.217335707428571368e+03
2.038740901714285656e+03
4.729322160000000395e+02
1.267274050285714338e+03
-2.471092847955815728e+02
4.792147817142857775e+02
-8.853295815011640570e+02
-2.159591691428571210e+02
-1.318833296539554567e+03
-8.043939394285714570e+02
-1.648779070199500893e+03
1.916921887954863223e+03
