1.966879612311510925e+02
-1.855237843295243749e+02
-1.430357503014644180e+02
-1.117225391504995002e+02
-1.244688670408471012e+02
-8.462241067556205110e+01
-1.081468366070026548e+02
-5.387901736307949108e+01
-9.119634936248299084e+01
3.440577955400357713e+00
-5.571977118582794475e+01
1.072991210307369272e+02
7.254660668463667861e+00
1.223081483915682384e+02
-5.973016697971070244e+01
3.663661001786080451e+00
-9.950906105094750842e+01
-5.926870376375851635e+01
-1.208689440523140917e+02
-9.379813506347302621e+01
-1.327560835240103927e+02
-1.082985330785449491e+02
-1.354381791216992781e+02
6.758906401381339890e+01
