3.798255428765547094e+03
-3.491626788917541035e+03
-2.279708804356238943e+03
-8.698404945261626153e+02
-1.648967398451170084e+03
6.824351111292753735e+00
-9.232333815075857046e+02
1.050122804571428787e+03
-3.134839200000000048e+01
2.333316429657082608e+03
1.060593747428571533e+03
3.883158199009038071e+03
2.392658770285714127e+03
3.849988488000000416e+03
1.056253222518304710e+03
2.412601889142857090e+03
-1.618715360471998679e+02
1.041746050285714318e+03
-1.175482346165140370e+03
-1.291953257142857012e+02
-1.922240398221902751e+03
-1.063109473800781643e+03
-2.517570407795839856e+03
3.710674350235039583e+03
