3.996800000000000352e+01
-1.199839999999999947e+02
-7.999200000000000443e+01
-4.000800000000000267e+01
-5.998400000000000176e+01
-2.000799999999999912e+01
-3.998400000000000176e+01
-8.000000000000000167e-03
-1.998400000000000176e+01
1.999200000000000088e+01
1.600000000000000033e-02
3.999199999999999733e+01
2.000799999999999912e+01
3.998400000000000176e+01
8.000000000000000167e-03
1.998400000000000176e+01
-1.999200000000000088e+01
-1.600000000000000033e-02
-3.999199999999999733e+01
-2.001599999999999824e+01
-5.999199999999999733e+01
-4.001599999999999824e+01
-7.997599999999999909e+01
3.995600000000000307e+01
