2.047107168847982393e+03
-1.867069795348639445e+03
-1.191238896000000068e+03
-3.994423062857143236e+02
-8.397373988571428072e+02
5.960382857142856494e+01
-4.351723851428572516e+02
5.980680377142856514e+02
5.399784685714285359e+01
1.274909783999999945e+03
6.384053314285714578e+02
2.163378106750032202e+03
1.363381196571428745e+03
2.388721572521019425e+03
6.701081245714285615e+02
1.416509149714285513e+03
1.314506057142857287e+01
6.820288902857142830e+02
-5.937533638684369635e+02
2.548466399999999510e+01
-1.098563898873007474e+03
-5.503849748571428790e+02
-1.439507068924408486e+03
2.157280373725581285e+03
