1.210850471616634877e+03
-1.985899256822689836e+02
-1.005210514285714396e+01
3.332981657142856875e+02
1.524569279999999765e+02
5.080823657142856860e+02
3.342002777142857326e+02
7.028741211428572342e+02
5.098865897142857762e+02
8.866794411428571721e+02
7.080934834285715169e+02
1.188339250285714343e+03
8.953783782857143478e+02
1.187179392000000007e+03
7.089955954285715052e+02
8.898046148571429512e+02
5.119807782857142229e+02
7.034218319999999949e+02
3.323960537142856992e+02
5.090166960000000245e+02
1.449822857142857515e+02
3.341680594285714392e+02
-1.920209828571428545e+01
1.221400998830306207e+03
