5.241929273450308528e+02
-3.652137168989926295e+02
-2.481104146696694670e+02
-1.462213762038525431e+02
-2.024077096466929220e+02
-7.521595467967496518e+01
-1.565405605495235193e+02
1.575476211589219311e+01
-7.719820689184523133e+01
1.750743000432492522e+02
1.475280054755403469e+01
5.601523978577564549e+02
2.208177973947077817e+02
4.885467725436700448e+02
2.733086008291355284e+01
2.057514058219486230e+02
-8.636373319763572454e+01
2.389283164804331960e+01
-1.751507856591529446e+02
-8.792403976207071992e+01
-2.348248631872009184e+02
-1.694921248425459908e+02
-3.047225180410402459e+02
4.408579205316671050e+02
